{
  "cities": [
    [
      11.911988496396308,
      50.251575523125055
    ],
    [
      51.1822712773071,
      86.00005876492754
    ],
    [
      10.263685050695981,
      22.328455667799062
    ],
    [
      60.103065238508655,
      55.65590219245474
    ],
    [
      78.33733824831903,
      54.78114548504481
    ],
    [
      73.05389924092037,
      76.81153229691415
    ],
    [
      75.10259581586179,
      58.65208464942499
    ],
    [
      23.9934079367927,
      61.42042806798492
    ],
    [
      11.073654359012997,
      81.67613528523714
    ],
    [
      44.96548325679364,
      81.47626883608376
    ],
    [
      68.51780674627925,
      67.93889426755393
    ],
    [
      21.02246612103089,
      25.151310375077905
    ],
    [
      97.9912348083475,
      92.93172982084457
    ],
    [
      80.51359010960496,
      99.96561240104579
    ],
    [
      51.35875466295887,
      7.631990107232312
    ],
    [
      34.03945720915866,
      55.745053692210256
    ],
    [
      29.212187444867144,
      45.74477981097128
    ],
    [
      87.64748099803555,
      70.39755412669133
    ],
    [
      57.74233587756656,
      2.4739301560776417
    ],
    [
      71.08623338404641,
      36.3542232372407
    ],
    [
      42.22174964151099,
      39.87733266574794
    ],
    [
      58.571781631148625,
      49.84550838710761
    ],
    [
      11.644794363858779,
      50.63587486933861
    ],
    [
      75.01467903461659,
      60.01652469890821
    ],
    [
      49.10307109217972,
      91.6754637097215
    ],
    [
      25.864343229292107,
      41.99661505520352
    ],
    [
      92.62331201304752,
      47.91899659704373
    ],
    [
      51.798723492900386,
      2.5376137908669105
    ],
    [
      22.45248687701398,
      12.89988519112184
    ],
    [
      4.8887707015315085,
      70.46626398206989
    ],
    [
      88.68246575480927,
      10.25763803519869
    ],
    [
      62.23096954033488,
      47.00403224111538
    ],
    [
      48.21131146274965,
      22.892726845762702
    ],
    [
      88.59212109596524,
      62.667050734689326
    ],
    [
      45.67963456683096,
      46.940603639575315
    ],
    [
      92.94646900864097,
      98.72256217812492
    ],
    [
      54.56322673783188,
      55.97960531866574
    ],
    [
      66.97539314494821,
      30.7627279670153
    ],
    [
      79.98020026599096,
      50.189961268248815
    ],
    [
      47.889290604661625,
      88.44500959064665
    ],
    [
      43.30668315480004,
      29.437414431454233
    ],
    [
      26.903593547103466,
      3.3109263702062797
    ],
    [
      65.56427097472674,
      59.72732153584898
    ],
    [
      45.82274541523079,
      52.288880889831255
    ],
    [
      48.95175275201786,
      92.15097218739805
    ],
    [
      26.011051753646075,
      48.55691378314503
    ],
    [
      51.12667811416338,
      82.617351038126
    ],
    [
      80.79592766927888,
      55.78380053035731
    ],
    [
      90.72662221910055,
      83.14029223477031
    ],
    [
      31.66571070079175,
      91.68116957835949
    ]
  ],
  "distance_matrix": [
    [
      0.0,
      53.10470001593203,
      27.97172727423189,
      48.49316059314952,
      66.57960719097993,
      66.66156728818258,
      63.74654035305707,
      16.453083688585874,
      31.435740175291816,
      45.469934994058896,
      59.30480506759807,
      26.70251136225276,
      96.07930170703109,
      84.72110248690497,
      58.07302663045937,
      22.799192398602468,
      17.87758628136805,
      78.36916025045315,
      66.20516700302241,
      60.78427147364324,
      32.03601934600714,
      46.6615600456825,
      0.46805842793677654,
      63.853768765578934,
      55.66969675812891,
      16.211495147564495,
      80.74502256025404,
      62.18982049233409,
      38.81044803618823,
      21.399981721634788,
      86.56339419334633,
      50.42366895287149,
      45.45489466236215,
      77.67874072239097,
      33.92958083961247,
      94.42469793014186,
      43.03415444581546,
      58.41056163533658,
      68.06823965570719,
      52.47003595252733,
      37.6677070531832,
      49.27649302551677,
      54.4826318897336,
      33.971900858878804,
      55.92408762726586,
      14.200544466494323,
      50.84619264512579,
      69.10573485249999,
      85.40148813564599,
      45.897939000677816
    ],
    [
      53.10470001593203,
      0.0,
      75.68621895525546,
      31.6282848569592,
      41.37654176676661,
      23.723345641626786,
      36.33309255007037,
      36.652319639379606,
      40.341014679314725,
      7.688506266649467,
      25.03450524770123,
      67.91306227579327,
      47.31941599890797,
      32.486350253686645,
      78.36826737604096,
      34.774148531995095,
      45.8603539810289,
      39.66295086050572,
      83.78334326070852,
      53.48716381327998,
      46.98507008407579,
      36.901983365286085,
      53.04561794608949,
      35.258016139179645,
      6.044277847454186,
      50.76712064869659,
      56.28078849035014,
      83.4647214958644,
      78.5432103253225,
      48.83018508991412,
      84.51732889679928,
      40.53102290780846,
      63.177226467892346,
      44.089977627503025,
      39.445152369548325,
      43.65902318239349,
      30.21023808157136,
      57.450721596896834,
      45.95306079859006,
      4.101402961256207,
      57.10829731545474,
      86.17973548647518,
      29.951604912004118,
      34.134557726630156,
      6.542854791479509,
      45.117395740835036,
      3.383164519314894,
      42.30828413679766,
      39.64762232485988,
      20.326612034751058
    ],
    [
      27.97172727423189,
      75.68621895525546,
      0.0,
      59.95567120264035,
      75.41352223603285,
      83.13252454381669,
      74.32018818334592,
      41.432928893162995,
      59.35320653725871,
      68.57607892936892,
      73.98550401116313,
      11.122943801791104,
      112.60970343452347,
      104.70232693884336,
      43.6439096141679,
      41.0116613325553,
      30.12258254798251,
      91.09824423044698,
      51.46284550659335,
      62.41878356452286,
      36.45930575696475,
      55.59550688305257,
      28.341091100848512,
      74.92050299617169,
      79.48273669449145,
      25.104123750765417,
      86.24374724250478,
      46.00909519424533,
      15.409893938470903,
      48.436951736895416,
      79.34235820442512,
      57.528103883690285,
      37.95182146183597,
      88.10531280954844,
      43.12826576520359,
      112.57220914838268,
      55.63136944670081,
      57.33545834982921,
      75.07766637348519,
      76.07289199140139,
      33.79906830685091,
      25.26960576173704,
      66.75949349536361,
      46.49810591296825,
      79.8244974653254,
      30.59267188699998,
      72.83223947592998,
      78.064443562222,
      100.85813662969707,
      72.57992579692679
    ],
    [
      48.49316059314952,
      31.6282848569592,
      59.95567120264035,
      0.0,
      18.255243397266927,
      24.8049347202272,
      15.29584998803296,
      36.56688541586534,
      55.506176785950004,
      29.930548305444944,
      14.888914297541877,
      49.57643945792978,
      53.15073582495629,
      48.78462815562869,
      48.81351349176624,
      26.063760501844435,
      32.441896950123564,
      31.241177015020654,
      53.234342231247766,
      22.207764250444203,
      23.847530349882195,
      6.008785705896482,
      48.717601444301145,
      15.536127401899906,
      37.66176686130691,
      36.86280252398461,
      33.427924830434925,
      53.763506717308836,
      56.97054537893524,
      57.1661187903758,
      53.64498599462138,
      8.909704280873719,
      34.854547288142584,
      29.339095206406068,
      16.852055696754476,
      54.161114958328426,
      5.549287731547126,
      25.82438796703051,
      20.614970460509348,
      34.990025075392104,
      31.13723737867027,
      61.985493580516,
      6.811844358400013,
      14.671890359030874,
      38.16073773012227,
      34.823282727042915,
      28.41646089265621,
      20.6932576836906,
      41.14843785785427,
      45.896655905738285
    ],
    [
      66.57960719097993,
      41.37654176676661,
      75.41352223603285,
      18.255243397266927,
      0.0,
      22.655080463893487,
      5.044574176149234,
      54.74799388945829,
      72.44131174069764,
      42.73535206714206,
      16.41796430569795,
      64.52070749465801,
      42.91553023271725,
      45.2368447468094,
      54.32206572943789,
      44.30836697048814,
      49.94933779398345,
      18.18106093942241,
      56.21564638178803,
      19.80227222515881,
      39.06992931870802,
      20.372475106110763,
      66.82124421363383,
      6.200746710143439,
      47.072636355108,
      54.00795704873831,
      15.848600372512562,
      58.597650780701905,
      69.8366420770657,
      75.10469370778851,
      45.709565506161226,
      17.88570947338778,
      43.86853921888622,
      12.936308316469187,
      33.58570687328819,
      46.30631493184362,
      23.804299697447103,
      26.570249840797484,
      4.876265796864003,
      45.39096112477526,
      43.23715416164458,
      72.76409519618387,
      13.69729553967728,
      32.60996979320999,
      47.53963170581299,
      52.695173579764656,
      38.92652520492827,
      2.65517967014406,
      30.947302979114845,
      59.49666037705235
    ],
    [
      66.66156728818258,
      23.723345641626786,
      83.13252454381669,
      24.8049347202272,
      22.655080463893487,
      0.0,
      18.27464627614106,
      51.41806974584081,
      62.17085424743017,
      28.47312556564892,
      9.964930542657521,
      73.32154227457919,
      29.693963585432616,
      24.326085039004546,
      72.50164381469307,
      44.33873259185632,
      53.73303270085386,
      15.940882800826925,
      75.89810975695838,
      40.50513011057048,
      48.11191693660936,
      30.608792461766917,
      66.75509870839636,
      16.909078556102475,
      28.188271072471768,
      58.642413483090564,
      34.896139262304935,
      77.25540412373857,
      81.51810577410045,
      68.45982163852585,
      68.36426648972876,
      31.71155730771132,
      59.36658781499268,
      21.011965569187286,
      40.516943928422414,
      29.59404606367542,
      27.854517609241533,
      46.44825741157661,
      27.5078477879344,
      27.723551752253137,
      55.93928770019176,
      86.78818921504212,
      18.653814325608092,
      36.645547761108354,
      28.56942214197348,
      54.87579582174253,
      22.68282516789972,
      22.407688578516414,
      18.771743121364906,
      43.97827035610863
    ],
    [
      63.74654035305707,
      36.33309255007037,
      74.32018818334592,
      15.29584998803296,
      5.044574176149234,
      18.27464627614106,
      0.0,
      51.18410701517676,
      68.04272372388552,
      37.80461528946522,
      11.38438755376265,
      63.61573944229908,
      41.2187320038689,
      41.66637054665144,
      56.2745061265629,
      41.165910426219384,
      47.67104046115866,
      17.185173769133613,
      58.79935090971312,
      22.656694170612692,
      37.86345675172705,
      18.730285717882843,
      63.96211522737649,
      1.36726954513669,
      42.029975617615875,
      51.978939823575395,
      20.5468896722228,
      60.76104265876986,
      69.75168619140972,
      71.20081509708756,
      50.2636581503568,
      17.35960506127838,
      44.74229369053711,
      14.074347052292438,
      31.66811387035924,
      43.86395992039512,
      20.712504143557016,
      29.049399983696304,
      9.76721850324689,
      40.35074171649391,
      43.179590293269975,
      73.38792556946481,
      9.59873820545913,
      29.963310924686528,
      42.497553567606225,
      50.118780643904884,
      33.899537205100856,
      6.375035794474378,
      29.047934725072384,
      54.56815408040262
    ],
    [
      16.453083688585874,
      36.652319639379606,
      41.432928893162995,
      36.56688541586534,
      54.74799388945829,
      51.41806974584081,
      51.18410701517676,
      0.0,
      24.025272264463414,
      29.018350954923818,
      44.99902766661887,
      36.39059484941931,
      80.42785910287786,
      68.41244205637982,
      60.349467766509974,
      11.538326580921705,
      16.521549801138892,
      64.28397786042761,
      67.9240734440304,
      53.34837235776112,
      28.22015947534415,
      36.46426597321392,
      16.394964009356052,
      51.04058237429648,
      39.31745624350272,
      19.513710841975083,
      69.94535284978167,
      65.11775019430797,
      48.54500508577559,
      21.137982668066453,
      82.47608917329714,
      40.864943240162034,
      45.50703915507338,
      64.61074066975392,
      26.075999327484045,
      78.39626164779102,
      31.050223408501875,
      52.7953182386004,
      57.10205162560053,
      36.07410726478963,
      37.36195606390282,
      58.18232865613578,
      41.60532734455808,
      23.66231452361303,
      39.58895449226809,
      13.020786701577086,
      34.4314375813774,
      57.081501539092535,
      70.1788742277334,
      31.21821113485162
    ],
    [
      31.435740175291816,
      40.341014679314725,
      59.35320653725871,
      55.506176785950004,
      72.44131174069764,
      62.17085424743017,
      68.04272372388552,
      24.025272264463414,
      0.0,
      33.89241821755916,
      59.06388434796161,
      57.3936815912712,
      87.64333516883376,
      71.80814473453572,
      84.2936815048461,
      34.63883792993027,
      40.25007687849404,
      77.3999826814773,
      91.92907664064532,
      75.20362592935399,
      52.12814729251933,
      57.17745100201583,
      31.045514452041736,
      67.50995013564712,
      39.32204351258416,
      42.34653236031311,
      88.26035959537077,
      89.00245412501167,
      69.71119283501761,
      12.802890317820978,
      105.46909194509084,
      61.799883705904364,
      69.5319687835516,
      79.8151488171127,
      49.031938824103854,
      83.62857435390673,
      50.51390460076738,
      75.61203240253563,
      75.75942992828372,
      37.43272273739048,
      61.38283230504674,
      79.94806403531655,
      58.74502297357648,
      45.50945011899856,
      39.29977793826613,
      36.33192361862817,
      40.06408115786667,
      74.37478332479479,
      79.66642357036625,
      22.893961989781165
    ],
    [
      45.469934994058896,
      7.688506266649467,
      68.57607892936892,
      29.930548305444944,
      42.73535206714206,
      28.47312556564892,
      37.80461528946522,
      29.018350954923818,
      33.89241821755916,
      0.0,
      27.165648381035446,
      61.20268797362959,
      54.24903606498915,
      40.06898708829678,
      74.12051956278499,
      27.95484712843022,
      39.05004016502153,
      44.09638137983079,
      80.02885404529633,
      52.13724758974574,
      41.68932195005462,
      34.433070761006626,
      45.40262336389609,
      36.925259448336625,
      11.006507582606444,
      43.857685905761066,
      58.2868695495432,
      79.23385912898657,
      72.17724987706981,
      41.56155791260133,
      83.56594959602015,
      38.55427489224286,
      58.673390841797186,
      47.508633054804505,
      34.54304825372181,
      50.9863670774719,
      27.243284134778012,
      55.283807401113044,
      46.95597351203932,
      7.557247985328558,
      52.06528580085396,
      80.22501245056259,
      29.955412935175193,
      29.19997454679258,
      11.394719659873855,
      37.986239754797474,
      6.265970847546049,
      44.089949812139196,
      45.79138361088186,
      16.763768943799025
    ],
    [
      59.30480506759807,
      25.03450524770123,
      73.98550401116313,
      14.888914297541877,
      16.41796430569795,
      9.964930542657521,
      11.38438755376265,
      44.99902766661887,
      59.06388434796161,
      27.165648381035446,
      0.0,
      63.92640077827033,
      38.64356079250126,
      34.1995539868867,
      62.70052438217976,
      36.571113392686875,
      45.13879069247903,
      19.287027901707443,
      66.345853665164,
      31.688929604622174,
      38.456909116427774,
      20.646889068562935,
      59.44690082540862,
      10.245647325238629,
      30.665235844542373,
      49.92313893102578,
      31.334831847384997,
      67.50448305722885,
      71.77260072460312,
      63.67921030962664,
      61.10434349105563,
      21.858471358264403,
      49.411647919210864,
      20.755009777039742,
      31.024350400857394,
      39.29877542566503,
      18.378109134923488,
      37.208149383204685,
      21.128442626340238,
      29.08670562041973,
      46.02135050511264,
      76.8668782683872,
      8.726585831923082,
      27.56789305592558,
      31.12965123644907,
      46.71707811391626,
      22.757601988442307,
      17.277110787392605,
      26.9130820394751,
      43.83802709839851
    ],
    [
      26.70251136225276,
      67.91306227579327,
      11.122943801791104,
      49.57643945792978,
      64.52070749465801,
      73.32154227457919,
      63.61573944229908,
      36.39059484941931,
      57.3936815912712,
      61.20268797362959,
      63.92640077827033,
      0.0,
      102.55913715259949,
      95.58437958713043,
      35.03165689981643,
      33.24784484959857,
      22.16218668744519,
      80.53642145632936,
      43.15799356473894,
      51.30191077496624,
      25.812116424017034,
      44.94167899328751,
      27.155179156974768,
      64.27085050901842,
      72.20791751904274,
      17.527351873508042,
      75.13353890476748,
      38.191062973191876,
      12.33460086101757,
      48.10136326855,
      69.27984574326486,
      46.644208718909375,
      27.28249458122911,
      77.28576226033776,
      32.9051554734335,
      102.88727464193174,
      45.55618939158972,
      46.29427080597097,
      64.0542617946525,
      68.75986197066648,
      22.69266438279588,
      22.61835611360727,
      56.386815191270465,
      36.76277446702752,
      72.58787594826768,
      23.93132377261354,
      64.8737960136029,
      67.16558760684798,
      90.67188866714864,
      67.37581777457754
    ],
    [
      96.07930170703109,
      47.31941599890797,
      112.60970343452347,
      53.15073582495629,
      42.91553023271725,
      29.693963585432616,
      41.2187320038689,
      80.42785910287786,
      87.64333516883376,
      54.24903606498915,
      38.64356079250126,
      102.55913715259949,
      0.0,
      18.839946081863964,
      97.21437033546052,
      73.9775556475885,
      83.40962538857345,
      24.79480423603521,
      99.00801677304382,
      62.64896928808472,
      76.97405103841633,
      58.39790891998093,
      96.14908800145984,
      40.14141058112572,
      48.904302020177944,
      88.29877918208064,
      45.33167487986039,
      101.51277906977414,
      110.05089092719615,
      95.77455809406854,
      83.19650613982242,
      58.20781714695795,
      85.92731059469466,
      31.690600164185195,
      69.6540537747062,
      7.680065192692944,
      57.02149936819703,
      69.47637890384387,
      46.38163585180695,
      50.302440014509436,
      83.79694670044292,
      114.39117601994161,
      46.41164415341944,
      66.13162976056843,
      49.04569688398016,
      84.55927536922252,
      47.986175965748636,
      40.93467036850236,
      12.19208128556535,
      66.33731264576554
    ],
    [
      84.72110248690497,
      32.486350253686645,
      104.70232693884336,
      48.78462815562869,
      45.2368447468094,
      24.326085039004546,
      41.66637054665144,
      68.41244205637982,
      71.80814473453572,
      40.06898708829678,
      34.1995539868867,
      95.58437958713043,
      18.839946081863964,
      0.0,
      96.82717715506128,
      64.15062619624156,
      74.64403929404179,
      30.41648351344471,
      100.11572367142918,
      64.30617300213093,
      71.25213265567119,
      54.712592569473806,
      84.71324590886852,
      40.32576882396304,
      32.48610888161737,
      79.66771515405506,
      53.4368373056276,
      101.57144519007372,
      104.64957029619605,
      81.17465656008567,
      90.07913850681683,
      56.02841411209701,
      83.56833666884155,
      38.163403481301025,
      63.44332914428416,
      12.494865008266338,
      51.070443293339935,
      70.51469344075475,
      49.778508921212,
      34.59868794193246,
      79.740708762723,
      110.52673913199278,
      42.92554244676027,
      58.96206774869438,
      32.51489165068124,
      74.92249983035084,
      34.12554422927206,
      44.18271398040768,
      19.682414068585796,
      49.54540660465223
    ],
    [
      58.07302663045937,
      78.36826737604096,
      43.6439096141679,
      48.81351349176624,
      54.32206572943789,
      72.50164381469307,
      56.2745061265629,
      60.349467766509974,
      84.2936815048461,
      74.12051956278499,
      62.70052438217976,
      35.03165689981643,
      97.21437033546052,
      96.82717715506128,
      0.0,
      51.13535911505209,
      44.08009957505639,
      72.50094955035345,
      8.207051333042696,
      34.84451309267376,
      33.51487695752415,
      42.82532992995149,
      58.5365932325329,
      57.47818910042381,
      84.0737388459903,
      42.78892920094874,
      57.66980653001068,
      5.113339674231003,
      29.382359264150708,
      78.15117006643862,
      37.41595163442393,
      40.84559655742709,
      15.581928138111614,
      66.44683193503205,
      39.71674083936575,
      100.13506031705644,
      48.45369478080563,
      27.90896686398743,
      51.28711395418187,
      80.88746070237661,
      23.244620571905926,
      24.833978678856266,
      53.99740966325439,
      44.998725457060466,
      84.55324943529168,
      48.13891794232672,
      74.98572006362878,
      56.4370800239398,
      85.15475727228322,
      86.32543397090797
    ],
    [
      22.799192398602468,
      34.774148531995095,
      41.0116613325553,
      26.063760501844435,
      44.30836697048814,
      44.33873259185632,
      41.165910426219384,
      11.538326580921705,
      34.63883792993027,
      27.95484712843022,
      36.571113392686875,
      33.24784484959857,
      73.9775556475885,
      64.15062619624156,
      51.13535911505209,
      0.0,
      11.104414035735228,
      55.57441842728773,
      58.306423831094015,
      41.81468558635357,
      17.853136419748893,
      25.231717665524158,
      22.970081240577606,
      41.19726044540516,
      38.96032375690963,
      15.995376004938091,
      59.104274069985316,
      56.092987082093515,
      44.384302916286295,
      32.656952648160924,
      71.09826556304863,
      29.515535291221834,
      35.77872038252407,
      54.9900643771489,
      14.594933012775712,
      72.91846319555299,
      20.525109747126038,
      41.338752697755304,
      46.275381407965064,
      35.51204022360408,
      27.892173816352866,
      52.91746647585808,
      31.775341699692696,
      12.279699157034054,
      39.34167586460744,
      10.776114768802369,
      31.844834477568586,
      46.756486514766706,
      62.959778999518,
      36.01442901766917
    ],
    [
      17.87758628136805,
      45.8603539810289,
      30.12258254798251,
      32.441896950123564,
      49.94933779398345,
      53.73303270085386,
      47.67104046115866,
      16.521549801138892,
      40.25007687849404,
      39.05004016502153,
      45.13879069247903,
      22.16218668744519,
      83.40962538857345,
      74.64403929404179,
      44.08009957505639,
      11.104414035735228,
      0.0,
      63.42273105209828,
      51.829873619836945,
      42.91408016118871,
      14.27149762815151,
      29.644590495371567,
      18.235572668075054,
      47.97448215432266,
      50.05272196072696,
      5.02561438315146,
      63.4483879829435,
      48.75459779485384,
      33.5332768210333,
      34.681124285291844,
      69.25352867309908,
      33.042785714143484,
      29.71839561907032,
      61.744147687246645,
      16.510808864005774,
      82.87764518247305,
      27.339108368898852,
      40.6266117489709,
      50.9622484197265,
      46.606263588477894,
      21.554233341466542,
      42.496606024682904,
      38.948497404262405,
      17.853176048455566,
      50.43000227437233,
      4.2609115446184855,
      42.89325599900607,
      52.55153844126598,
      71.98923554971203,
      46.00186606246284
    ],
    [
      78.36916025045315,
      39.66295086050572,
      91.09824423044698,
      31.241177015020654,
      18.18106093942241,
      15.940882800826925,
      17.185173769133613,
      64.28397786042761,
      77.3999826814773,
      44.09638137983079,
      19.287027901707443,
      80.53642145632936,
      24.79480423603521,
      30.41648351344471,
      72.50094955035345,
      55.57441842728773,
      63.42273105209828,
      0.0,
      74.21547276665181,
      37.857935767557166,
      54.72641946354766,
      35.60593879896344,
      78.5298181755399,
      16.350946682912916,
      44.02750244124965,
      67.9983047780891,
      23.022694084394903,
      76.74701894564788,
      86.92737883696016,
      82.75873881944376,
      60.148821276385206,
      34.54353660079335,
      61.74074896376519,
      7.788005367767228,
      48.078359583373725,
      28.816407740214906,
      36.08940464713502,
      44.70184180672537,
      21.613283021247817,
      43.66261961998182,
      60.3642228246833,
      90.5010247808758,
      24.525946026121826,
      45.57666676020644,
      44.39110926540958,
      65.39161246379211,
      38.51093974235573,
      16.1401851659503,
      13.10948073534379,
      59.891158715689045
    ],
    [
      66.20516700302241,
      83.78334326070852,
      51.46284550659335,
      53.234342231247766,
      56.21564638178803,
      75.89810975695838,
      58.79935090971312,
      67.9240734440304,
      91.92907664064532,
      80.02885404529633,
      66.345853665164,
      43.15799356473894,
      99.00801677304382,
      100.11572367142918,
      8.207051333042696,
      58.306423831094015,
      51.829873619836945,
      74.21547276665181,
      0.0,
      36.41337473963303,
      40.495717260115896,
      47.378839204403555,
      66.6675052193437,
      60.07898155641029,
      89.61891811639926,
      50.77646144542797,
      57.28818866038456,
      5.943953548312528,
      36.79774423622412,
      86.1188528193598,
      31.904196356719883,
      44.75575743814888,
      22.53370108638458,
      67.63816240121116,
      46.073786621027985,
      102.48478011698067,
      53.60003740228864,
      29.757443238471623,
      52.64353937242102,
      86.53386042639545,
      30.584596675463892,
      30.850098722486482,
      57.78523594439553,
      51.22114752127392,
      90.10686000063696,
      55.95101225291218,
      80.41601108187115,
      58.08106725794049,
      87.14944128605215,
      92.94042148577938
    ],
    [
      60.78427147364324,
      53.48716381327998,
      62.41878356452286,
      22.207764250444203,
      19.80227222515881,
      40.50513011057048,
      22.656694170612692,
      53.34837235776112,
      75.20362592935399,
      52.13724758974574,
      31.688929604622174,
      51.30191077496624,
      62.64896928808472,
      64.30617300213093,
      34.84451309267376,
      41.81468558635357,
      42.91408016118871,
      37.857935767557166,
      36.41337473963303,
      0.0,
      29.078698763327225,
      18.401800935523283,
      61.13305363002317,
      23.98618760229137,
      59.5289767404463,
      45.57253487130245,
      24.445648666692943,
      38.930336657286084,
      53.9939558885243,
      74.46969443592366,
      31.474738328591727,
      13.850419833375263,
      26.541927925514347,
      31.60412940570898,
      27.52392983354426,
      66.08842261552175,
      25.654733880373197,
      6.940016342080322,
      16.4478051350267,
      57.02234805079702,
      28.627707819436527,
      55.172140893787905,
      24.016531658970756,
      29.868999629310554,
      60.02676424942904,
      46.6977264497179,
      50.38512519079973,
      21.72065001103486,
      50.741315767663345,
      67.93414899779074
    ],
    [
      32.03601934600714,
      46.98507008407579,
      36.45930575696475,
      23.847530349882195,
      39.06992931870802,
      48.11191693660936,
      37.86345675172705,
      28.22015947534415,
      52.12814729251933,
      41.68932195005462,
      38.456909116427774,
      25.812116424017034,
      76.97405103841633,
      71.25213265567119,
      33.51487695752415,
      17.853136419748893,
      14.27149762815151,
      54.72641946354766,
      40.495717260115896,
      29.078698763327225,
      0.0,
      19.149101108774747,
      32.41444777252861,
      38.48328564363646,
      52.25321965731959,
      16.494123268023554,
      51.03906198467788,
      38.54832076505205,
      33.445574034510734,
      48.26421071153669,
      55.099223694780704,
      21.24049735286423,
      18.009766396894666,
      51.668003623963436,
      7.8642714224820205,
      77.69014217542927,
      20.287810170344102,
      26.37837912968534,
      39.14142182208524,
      48.89724186956079,
      10.496140884486833,
      39.645276837263516,
      30.641399451310434,
      12.923378036763202,
      52.70508828098908,
      18.388090014601953,
      43.65783917665039,
      41.72508754269764,
      64.99543318140948,
      52.868397715331184
    ],
    [
      46.6615600456825,
      36.901983365286085,
      55.59550688305257,
      6.008785705896482,
      20.372475106110763,
      30.608792461766917,
      18.730285717882843,
      36.46426597321392,
      57.17745100201583,
      34.433070761006626,
      20.646889068562935,
      44.94167899328751,
      58.39790891998093,
      54.712592569473806,
      42.82532992995149,
      25.231717665524158,
      29.644590495371567,
      35.60593879896344,
      47.378839204403555,
      18.401800935523283,
      19.149101108774747,
      0.0,
      46.9336426581255,
      19.33438511657114,
      42.88824596043367,
      33.63601720398607,
      34.10598435797798,
      47.79028361155759,
      51.6680029309806,
      57.5072275785971,
      49.737840497898766,
      4.632887095859096,
      28.875452809016654,
      32.643724201654095,
      13.215367097444934,
      59.754376572685715,
      7.327732084245746,
      20.851215672864814,
      21.41118950997331,
      40.05043205376176,
      25.48555532836975,
      56.2880223494677,
      12.105582940391237,
      12.981062884904707,
      43.38544943864239,
      32.586218040899574,
      33.60689270256527,
      23.003825349335315,
      46.2868923638127,
      49.74092078177297
    ],
    [
      0.46805842793677654,
      53.04561794608949,
      28.341091100848512,
      48.717601444301145,
      66.82124421363383,
      66.75509870839636,
      63.96211522737649,
      16.394964009356052,
      31.045514452041736,
      45.40262336389609,
      59.44690082540862,
      27.155179156974768,
      96.14908800145984,
      84.71324590886852,
      58.5365932325329,
      22.970081240577606,
      18.235572668075054,
      78.5298181755399,
      66.6675052193437,
      61.13305363002317,
      32.41444777252861,
      46.9336426581255,
      0.0,
      64.06043142541385,
      55.56411024792128,
      16.638280562383112,
      81.02408128579084,
      62.656051130540625,
      39.253167190092995,
      20.949658424142797,
      86.97818590413327,
      50.716381967381174,
      45.89980865974848,
      77.88222058930101,
      34.23485617179321,
      94.45788371744844,
      43.249824191022654,
      58.79130147628319,
      68.33686076158897,
      52.375511225415195,
      38.10314851487316,
      49.72405557635173,
      54.680566570582826,
      34.21790126489008,
      55.814984094808985,
      14.51590267904567,
      50.80978215272412,
      69.34248608202158,
      85.50130200875465,
      45.66785859574376
    ],
    [
      63.853768765578934,
      35.258016139179645,
      74.92050299617169,
      15.536127401899906,
      6.200746710143439,
      16.909078556102475,
      1.36726954513669,
      51.04058237429648,
      67.50995013564712,
      36.925259448336625,
      10.245647325238629,
      64.27085050901842,
      40.14141058112572,
      40.32576882396304,
      57.47818910042381,
      41.19726044540516,
      47.97448215432266,
      16.350946682912916,
      60.07898155641029,
      23.98618760229137,
      38.48328564363646,
      19.33438511657114,
      64.06043142541385,
      0.0,
      40.91087685998618,
      52.34952390751461,
      21.363851280714492,
      61.99036853326081,
      70.58868013300318,
      70.90021206333803,
      51.601891397899024,
      18.241386690663177,
      45.78861081353986,
      13.83373489682497,
      32.11735582947117,
      42.658017171629645,
      20.846069632672673,
      30.338337806259748,
      11.009893276322083,
      39.293325778250626,
      44.05086818058837,
      74.36532410070488,
      9.454832149115845,
      30.197441402850547,
      41.37509929659005,
      50.325720750258085,
      32.88516290352009,
      7.165109187082883,
      27.956641137394204,
      53.68223906422597
    ],
    [
      55.66969675812891,
      6.044277847454186,
      79.48273669449145,
      37.66176686130691,
      47.072636355108,
      28.188271072471768,
      42.029975617615875,
      39.31745624350272,
      39.32204351258416,
      11.006507582606444,
      30.665235844542373,
      72.20791751904274,
      48.904302020177944,
      32.48610888161737,
      84.0737388459903,
      38.96032375690963,
      50.05272196072696,
      44.02750244124965,
      89.61891811639926,
      59.5289767404463,
      52.25321965731959,
      42.88824596043367,
      55.56411024792128,
      40.91087685998618,
      0.0,
      54.84547817572431,
      61.71417814403128,
      89.17860074043412,
      83.16156209421334,
      49.03809246006508,
      90.52839786181556,
      46.560482247496616,
      68.78851739740637,
      48.998705018923594,
      44.86566196033055,
      44.40613851354938,
      36.11104548402127,
      63.480558214453595,
      51.71502701186243,
      3.4509559381897827,
      62.5073826926438,
      91.11041796908258,
      35.939600581185346,
      39.5229483056986,
      0.4990045615138354,
      48.912684499032345,
      9.281400247308618,
      47.88161070596419,
      42.48963591891807,
      17.437361324927657
    ],
    [
      16.211495147564495,
      50.76712064869659,
      25.104123750765417,
      36.86280252398461,
      54.00795704873831,
      58.642413483090564,
      51.978939823575395,
      19.513710841975083,
      42.34653236031311,
      43.857685905761066,
      49.92313893102578,
      17.527351873508042,
      88.29877918208064,
      79.66771515405506,
      42.78892920094874,
      15.995376004938091,
      5.02561438315146,
      67.9983047780891,
      50.77646144542797,
      45.57253487130245,
      16.494123268023554,
      33.63601720398607,
      16.638280562383112,
      52.34952390751461,
      54.84547817572431,
      0.0,
      67.02114976779762,
      47.218691854353104,
      29.29608254616858,
      35.36234654100839,
      70.38095750916779,
      36.70974987821075,
      29.39975397764363,
      66.04574950192062,
      20.42275186927416,
      87.85126451035782,
      31.92412773036744,
      42.61829002057368,
      54.73259453911584,
      51.405755142862944,
      21.49345812996486,
      38.699645350514444,
      43.47944589453198,
      22.455924693192383,
      55.21311454549327,
      6.561938950565533,
      47.83544455348646,
      56.635372801930856,
      76.81091984612702,
      50.02210334146129
    ],
    [
      80.74502256025404,
      56.28078849035014,
      86.24374724250478,
      33.427924830434925,
      15.848600372512562,
      34.896139262304935,
      20.5468896722228,
      69.94535284978167,
      88.26035959537077,
      58.2868695495432,
      31.334831847384997,
      75.13353890476748,
      45.33167487986039,
      53.4368373056276,
      57.66980653001068,
      59.104274069985316,
      63.4483879829435,
      23.022694084394903,
      57.28818866038456,
      24.445648666692943,
      51.03906198467788,
      34.10598435797798,
      81.02408128579084,
      21.363851280714492,
      61.71417814403128,
      67.02114976779762,
      0.0,
      61.04192766648257,
      78.42373916061491,
      90.58547900008023,
      37.86698031207307,
      30.406111897960123,
      50.97783803324286,
      15.28906802447069,
      46.95387209755597,
      50.804593357244954,
      38.90428644917903,
      30.856981310074744,
      12.8454488121833,
      60.361331997592636,
      52.66591650475252,
      79.42897031062036,
      29.5233507545119,
      47.004137292466396,
      62.158448765355516,
      66.61531471968406,
      54.09201813444378,
      14.203596774221957,
      35.27232766028634,
      75.03970243671365
    ],
    [
      62.18982049233409,
      83.4647214958644,
      46.00909519424533,
      53.763506717308836,
      58.597650780701905,
      77.25540412373857,
      60.76104265876986,
      65.11775019430797,
      89.00245412501167,
      79.23385912898657,
      67.50448305722885,
      38.191062973191876,
      101.51277906977414,
      101.57144519007372,
      5.113339674231003,
      56.092987082093515,
      48.75459779485384,
      76.74701894564788,
      5.943953548312528,
      38.930336657286084,
      38.54832076505205,
      47.79028361155759,
      62.656051130540625,
      61.99036853326081,
      89.17860074043412,
      47.218691854353104,
      61.04192766648257,
      0.0,
      31.12199016914139,
      82.55207561101827,
      37.68300966716955,
      45.67377942963348,
      20.668820782803728,
      70.49328545583852,
      44.82263665593142,
      104.61683065973484,
      53.51344631630968,
      32.04665929522144,
      55.36191699370054,
      85.9963040985347,
      28.208403421804388,
      24.90713767905656,
      58.823064944211104,
      50.10889034829328,
      89.65857039627934,
      52.75206143375654,
      80.08255716809458,
      60.629978165452656,
      89.51074277185161,
      91.38879440349899
    ],
    [
      38.81044803618823,
      78.5432103253225,
      15.409893938470903,
      56.97054537893524,
      69.8366420770657,
      81.51810577410045,
      69.75168619140972,
      48.54500508577559,
      69.71119283501761,
      72.17724987706981,
      71.77260072460312,
      12.33460086101757,
      110.05089092719615,
      104.64957029619605,
      29.382359264150708,
      44.384302916286295,
      33.5332768210333,
      86.92737883696016,
      36.79774423622412,
      53.9939558885243,
      33.445574034510734,
      51.6680029309806,
      39.253167190092995,
      70.58868013300318,
      83.16156209421334,
      29.29608254616858,
      78.42373916061491,
      31.12199016914139,
      0.0,
      60.186145357514114,
      66.28266419046683,
      52.39676067280977,
      27.629222362806846,
      82.77210871336744,
      41.21008253196602,
      111.06274533789272,
      53.73045598798349,
      47.97259983135734,
      68.55645543347613,
      79.7125887449313,
      26.615547632300842,
      10.571683019166317,
      63.65088155483215,
      45.80023980609757,
      83.56402265332544,
      35.834160684932456,
      75.38391265537236,
      72.40847518283502,
      97.95444011563221,
      79.3181836840068
    ],
    [
      21.399981721634788,
      48.83018508991412,
      48.436951736895416,
      57.1661187903758,
      75.10469370778851,
      68.45982163852585,
      71.20081509708756,
      21.137982668066453,
      12.802890317820978,
      41.56155791260133,
      63.67921030962664,
      48.10136326855,
      95.77455809406854,
