{
  "cities": [
    [
      11.911988496396308,
      50.251575523125055
    ],
    [
      51.1822712773071,
      86.00005876492754
    ],
    [
      10.263685050695981,
      22.328455667799062
    ],
    [
      60.103065238508655,
      55.65590219245474
    ],
    [
      78.33733824831903,
      54.78114548504481
    ],
    [
      73.05389924092037,
      76.81153229691415
    ],
    [
      75.10259581586179,
      58.65208464942499
    ],
    [
      23.9934079367927,
      61.42042806798492
    ],
    [
      11.073654359012997,
      81.67613528523714
    ],
    [
      44.96548325679364,
      81.47626883608376
    ],
    [
      68.51780674627925,
      67.93889426755393
    ],
    [
      21.02246612103089,
      25.151310375077905
    ],
    [
      97.9912348083475,
      92.93172982084457
    ],
    [
      80.51359010960496,
      99.96561240104579
    ],
    [
      51.35875466295887,
      7.631990107232312
    ],
    [
      34.03945720915866,
      55.745053692210256
    ],
    [
      29.212187444867144,
      45.74477981097128
    ],
    [
      87.64748099803555,
      70.39755412669133
    ],
    [
      57.74233587756656,
      2.4739301560776417
    ],
    [
      71.08623338404641,
      36.3542232372407
    ],
    [
      42.22174964151099,
      39.87733266574794
    ],
    [
      58.571781631148625,
      49.84550838710761
    ],
    [
      11.644794363858779,
      50.63587486933861
    ],
    [
      75.01467903461659,
      60.01652469890821
    ],
    [
      49.10307109217972,
      91.6754637097215
    ],
    [
      25.864343229292107,
      41.99661505520352
    ],
    [
      92.62331201304752,
      47.91899659704373
    ],
    [
      51.798723492900386,
      2.5376137908669105
    ],
    [
      22.45248687701398,
      12.89988519112184
    ],
    [
      4.8887707015315085,
      70.46626398206989
    ],
    [
      88.68246575480927,
      10.25763803519869
    ],
    [
      62.23096954033488,
      47.00403224111538
    ],
    [
      48.21131146274965,
      22.892726845762702
    ],
    [
      88.59212109596524,
      62.667050734689326
    ],
    [
      45.67963456683096,
      46.940603639575315
    ],
    [
      92.94646900864097,
      98.72256217812492
    ],
    [
      54.56322673783188,
      55.97960531866574
    ],
    [
      66.97539314494821,
      30.7627279670153
    ],
    [
      79.98020026599096,
      50.189961268248815
    ],
    [
      47.889290604661625,
      88.44500959064665
    ],
    [
      43.30668315480004,
      29.437414431454233
    ],
    [
      26.903593547103466,
      3.3109263702062797
    ],
    [
      65.56427097472674,
      59.72732153584898
    ],
    [
      45.82274541523079,
      52.288880889831255
    ],
    [
      48.95175275201786,
      92.15097218739805
    ],
    [
      26.011051753646075,
      48.55691378314503
    ],
    [
      51.12667811416338,
      82.617351038126
    ],
    [
      80.79592766927888,
      55.78380053035731
    ],
    [
      90.72662221910055,
      83.14029223477031
    ],
    [
      31.66571070079175,
      91.68116957835949
    ],
    [
      9.837399004735826,
      68.93331312873843
    ],
    [
      78.50840312407881,
      51.517333283149554
    ],
    [
      45.292070449866785,
      96.52682034898461
    ],
    [
      96.72677846683303,
      84.24397761223791
    ],
    [
      47.91462491462959,
      6.429515517166429
    ],
    [
      26.64661400263285,
      49.84207553426084
    ],
    [
      9.666254516382967,
      74.75513209152018
    ],
    [
      41.131083776324,
      44.93948140478186
    ],
    [
      1.4032543392245689,
      0.021396913551030572
    ],
    [
      58.06399922563919,
      93.2178339633011
    ],
    [
      8.306556649605712,
      79.37706053166963
    ],
    [
      24.783761144294512,
      62.10746619452466
    ],
    [
      75.1855004924898,
      95.63668911795052
    ],
    [
      66.84771311108872,
      63.5408486107369
    ],
    [
      15.476090464838666,
      31.3442734365026
    ],
    [
      58.30654395690827,
      76.95278147325152
    ],
    [
      94.99355618707865,
      49.198891736385676
    ],
    [
      72.04726333730933,
      13.48645876780421
    ],
    [
      22.29276707245672,
      58.793451734793386
    ],
    [
      95.82774609188468,
      87.59937934022129
    ],
    [
      50.47213903865229,
      8.443320853843483
    ],
    [
      66.8554873467397,
      93.50559125493923
    ],
    [
      78.34379582286711,
      91.5016141429761
    ],
    [
      30.600432684795475,
      41.20391487360544
    ],
    [
      80.79949926475905,
      52.003092174908346
    ],
    [
      19.66971112490161,
      1.41318735392727
    ],
    [
      10.61339407365618,
      88.77707576262453
    ],
    [
      5.137537295967198,
      34.70178443660769
    ],
    [
      35.340280782091384,
      76.95337380846678
    ],
    [
      2.5790237080918876,
      51.03878414334686
    ],
    [
      32.77600532978361,
      30.36717209975449
    ],
    [
      32.60427483466037,
      12.137284500576307
    ],
    [
      94.87821643544943,
      57.16182188585849
    ],
    [
      80.49386156405032,
      15.389058434413238
    ],
    [
      51.96137294693711,
      43.36075680206943
    ],
    [
      33.64188630790803,
      59.821960503851244
    ],
    [
      67.84983032262525,
      6.950847467298771
    ],
    [
      39.91570698779277,
      19.549393391035828
    ],
    [
      92.14554516476684,
      4.523659235410982
    ],
    [
      54.47664404731749,
      83.8980302573647
    ],
    [
      45.18208568401282,
      75.47096955839747
    ],
    [
      18.852929386377916,
      71.09454920786214
    ],
    [
      87.7816900763436,
      12.913977835813395
    ],
    [
      52.99365536773467,
      78.54089504679021
    ],
    [
      51.685266118210315,
      95.65874571928512
    ],
    [
      16.039067999439617,
      84.43747251183183
    ],
    [
      38.997143710260765,
      42.53542760983922
    ],
    [
      41.40867879096116,
      7.865881460298107
    ],
    [
      30.49092604756264,
      34.406597297411366
    ],
    [
      26.344368952449592,
      49.76024180594335
    ]
  ],
  "distance_matrix": [
    [
      0.0,
      53.10470001593203,
      27.97172727423189,
      48.49316059314952,
      66.57960719097993,
      66.66156728818258,
      63.74654035305707,
      16.453083688585874,
      31.435740175291816,
      45.469934994058896,
      59.30480506759807,
      26.70251136225276,
      96.07930170703109,
      84.72110248690497,
      58.07302663045937,
      22.799192398602468,
      17.87758628136805,
      78.36916025045315,
      66.20516700302241,
      60.78427147364324,
      32.03601934600714,
      46.6615600456825,
      0.46805842793677654,
      63.853768765578934,
      55.66969675812891,
      16.211495147564495,
      80.74502256025404,
      62.18982049233409,
      38.81044803618823,
      21.399981721634788,
      86.56339419334633,
      50.42366895287149,
      45.45489466236215,
      77.67874072239097,
      33.92958083961247,
      94.42469793014186,
      43.03415444581546,
      58.41056163533658,
      68.06823965570719,
      52.47003595252733,
      37.6677070531832,
      49.27649302551677,
      54.4826318897336,
      33.971900858878804,
      55.92408762726586,
      14.200544466494323,
      50.84619264512579,
      69.10573485249999,
      85.40148813564599,
      45.897939000677816,
      18.796575260506824,
      66.60844228751537,
      57.05811208683343,
      91.37303758504046,
      56.71474915953817,
      14.74031475409926,
      24.606251352238246,
      29.69804493396205,
      51.317680547115685,
      63.05638317173092,
      29.347794053127853,
      17.499847848234584,
      77.86748908456596,
      56.520249629123605,
      19.240293527809094,
      53.52951686284484,
      83.08823643029316,
      70.4835093495246,
      13.443370598948023,
      91.85158040439518,
      56.87543730234475,
      69.92637515877477,
      78.19687148985273,
      20.763383862265233,
      68.90977398339635,
      49.45068674291654,
      38.54738014675506,
      16.961403005097495,
      35.52282239765075,
      9.366105335275792,
      28.82180941452531,
      43.368996922412784,
      83.25350733289613,
      76.9341823328781,
      40.63787122271133,
      23.74406720800064,
      70.73892279601684,
      41.55517100214315,
      92.3496937930647,
      54.25710845918535,
      41.74825987247591,
      21.96830017231332,
      84.55949277810149,
      49.87974490752375,
      60.36327292323485,
      34.43411590482484,
      28.162822507320435,
      51.63914987217586,
      24.418031360113353,
      14.44074147853594
    ],
    [
      53.10470001593203,
      0.0,
      75.68621895525546,
      31.6282848569592,
      41.37654176676661,
      23.723345641626786,
      36.33309255007037,
      36.652319639379606,
      40.341014679314725,
      7.688506266649467,
      25.03450524770123,
      67.91306227579327,
      47.31941599890797,
      32.486350253686645,
      78.36826737604096,
      34.774148531995095,
      45.8603539810289,
      39.66295086050572,
      83.78334326070852,
      53.48716381327998,
      46.98507008407579,
      36.901983365286085,
      53.04561794608949,
      35.258016139179645,
      6.044277847454186,
      50.76712064869659,
      56.28078849035014,
      83.4647214958644,
      78.5432103253225,
      48.83018508991412,
      84.51732889679928,
      40.53102290780846,
      63.177226467892346,
      44.089977627503025,
      39.445152369548325,
      43.65902318239349,
      30.21023808157136,
      57.450721596896834,
      45.95306079859006,
      4.101402961256207,
      57.10829731545474,
      86.17973548647518,
      29.951604912004118,
      34.134557726630156,
      6.542854791479509,
      45.117395740835036,
      3.383164519314894,
      42.30828413679766,
      39.64762232485988,
      20.326612034751058,
      44.72887512385722,
      43.997452634883444,
      12.062635501214414,
      45.578349642693404,
      79.63760961690991,
      43.69666153391412,
      43.01195210152222,
      42.27289182594949,
      99.34928696812703,
      9.972685614673285,
      43.38422536399405,
      35.60529900138516,
      25.865414307862995,
      27.3828813056204,
      65.28542117563124,
      11.51557586948166,
      57.21673339249466,
      75.4557491395239,
      39.683786604786256,
      44.674111605287,
      77.55998893247059,
      17.377650011372108,
      27.71309306477344,
      49.29813979634765,
      45.088512184187095,
      90.26616344156912,
      40.66381217950926,
      68.93207146514543,
      18.243112989617718,
      59.87124850410259,
      58.59870907136908,
      76.16332039669423,
      52.35436495228149,
      76.45314050327684,
      42.646419208315905,
      31.511235035163047,
      80.78728446547963,
      67.39900889124922,
      91.19426236267525,
      3.9078658874624694,
      12.118743609510203,
      35.60000789685807,
      81.73795129561475,
      7.675951777925032,
      9.671775301993554,
      35.17792507280496,
      45.140353291407315,
      78.74308079546054,
      55.58792165224875,
      43.93456185191609
    ],
    [
      27.97172727423189,
      75.68621895525546,
      0.0,
      59.95567120264035,
      75.41352223603285,
      83.13252454381669,
      74.32018818334592,
      41.432928893162995,
      59.35320653725871,
      68.57607892936892,
      73.98550401116313,
      11.122943801791104,
      112.60970343452347,
      104.70232693884336,
      43.6439096141679,
      41.0116613325553,
      30.12258254798251,
      91.09824423044698,
      51.46284550659335,
      62.41878356452286,
      36.45930575696475,
      55.59550688305257,
      28.341091100848512,
      74.92050299617169,
      79.48273669449145,
      25.104123750765417,
      86.24374724250478,
      46.00909519424533,
      15.409893938470903,
      48.436951736895416,
      79.34235820442512,
      57.528103883690285,
      37.95182146183597,
      88.10531280954844,
      43.12826576520359,
      112.57220914838268,
      55.63136944670081,
      57.33545834982921,
      75.07766637348519,
      76.07289199140139,
      33.79906830685091,
      25.26960576173704,
      66.75949349536361,
      46.49810591296825,
      79.8244974653254,
      30.59267188699998,
      72.83223947592998,
      78.064443562222,
      100.85813662969707,
      72.57992579692679,
      46.606807000130964,
      74.22487535428681,
      82.05111275927369,
      106.34565520386778,
      40.870155010116406,
      32.02186189465522,
      52.4300803363955,
      38.26296889899424,
      24.00233535842418,
      85.49955549794439,
      57.08216594079442,
      42.34621929109183,
      97.92312909542997,
      70.00152543782475,
      10.414131756409384,
      72.74567520878777,
      88.88853355356929,
      62.413071187673495,
      38.39784827893562,
      107.61738715891327,
      42.53841488470533,
      90.93303424776187,
      97.0557949644587,
      27.746464001077907,
      76.52375538791784,
      22.93298443617589,
      66.4495403212632,
      13.393157044712726,
      60.10588436543037,
      29.72098553420402,
      23.904508491529587,
      24.55528296833507,
      91.50400168048866,
      70.57218238838608,
      46.70176513682288,
      44.18487522799832,
      59.603984441040815,
      29.781967565897947,
      83.7952850209309,
      75.79972465897895,
      63.58790360910844,
      49.516734518910134,
      78.087601423051,
      70.60940945958805,
      84.22041805386469,
      62.376959059711986,
      35.127387628562936,
      34.33914221101961,
      23.558921528166287,
      31.79766163536248
    ],
    [
      48.49316059314952,
      31.6282848569592,
      59.95567120264035,
      0.0,
      18.255243397266927,
      24.8049347202272,
      15.29584998803296,
      36.56688541586534,
      55.506176785950004,
      29.930548305444944,
      14.888914297541877,
      49.57643945792978,
      53.15073582495629,
      48.78462815562869,
      48.81351349176624,
      26.063760501844435,
      32.441896950123564,
      31.241177015020654,
      53.234342231247766,
      22.207764250444203,
      23.847530349882195,
      6.008785705896482,
      48.717601444301145,
      15.536127401899906,
      37.66176686130691,
      36.86280252398461,
      33.427924830434925,
      53.763506717308836,
      56.97054537893524,
      57.1661187903758,
      53.64498599462138,
      8.909704280873719,
      34.854547288142584,
      29.339095206406068,
      16.852055696754476,
      54.161114958328426,
      5.549287731547126,
      25.82438796703051,
      20.614970460509348,
      34.990025075392104,
      31.13723737867027,
      61.985493580516,
      6.811844358400013,
      14.671890359030874,
      38.16073773012227,
      34.823282727042915,
      28.41646089265621,
      20.6932576836906,
      41.14843785785427,
      45.896655905738285,
      51.989680159585475,
      18.864893726153657,
      43.471801407198896,
      46.46046089781883,
      50.712870384486855,
      33.957837235461,
      53.93192429866459,
      21.789395473485392,
      80.87562041332403,
      37.61723685443359,
      56.96991886034594,
      35.90370342697779,
      42.73105634515051,
      10.37606162974563,
      50.81950580453352,
      21.372518705479575,
      35.48294439110191,
      43.8283678337238,
      37.9402538807581,
      47.923256925687504,
      48.18487912324844,
      38.44729075571497,
      40.219887089484715,
      32.85217291235996,
      21.016312769542196,
      67.65447685061316,
      59.550312263417595,
      58.8241813621593,
      32.661564433900274,
      57.70903857345495,
      37.23288966702008,
      51.4786709180283,
      34.80774245614146,
      45.13538834467085,
      14.746448845106695,
      26.78712437443068,
      49.31728627011958,
      41.366766987156346,
      60.342578579663055,
      28.797125083165152,
      24.804687572765985,
      44.04458570001073,
      50.9212958458685,
      23.963860428855035,
      40.87892895198908,
      52.63092857563822,
      24.851695653005606,
      51.31633430234674,
      36.44738325293704,
      34.26964234315056
    ],
    [
      66.57960719097993,
      41.37654176676661,
      75.41352223603285,
      18.255243397266927,
      0.0,
      22.655080463893487,
      5.044574176149234,
      54.74799388945829,
      72.44131174069764,
      42.73535206714206,
      16.41796430569795,
      64.52070749465801,
      42.91553023271725,
      45.2368447468094,
      54.32206572943789,
      44.30836697048814,
      49.94933779398345,
      18.18106093942241,
      56.21564638178803,
      19.80227222515881,
      39.06992931870802,
      20.372475106110763,
      66.82124421363383,
      6.200746710143439,
      47.072636355108,
      54.00795704873831,
      15.848600372512562,
      58.597650780701905,
      69.8366420770657,
      75.10469370778851,
      45.709565506161226,
      17.88570947338778,
      43.86853921888622,
      12.936308316469187,
      33.58570687328819,
      46.30631493184362,
      23.804299697447103,
      26.570249840797484,
      4.876265796864003,
      45.39096112477526,
      43.23715416164458,
      72.76409519618387,
      13.69729553967728,
      32.60996979320999,
      47.53963170581299,
      52.695173579764656,
      38.92652520492827,
      2.65517967014406,
      30.947302979114845,
      59.49666037705235,
      69.94659052012327,
      3.268292104595161,
      53.24181715265925,
      34.73082188065037,
      57.12636525400929,
      51.92615318914262,
      71.5169761796053,
      38.485889929993675,
      94.43242732528272,
      43.45557842559495,
      74.22445290002122,
      54.052387512253816,
      40.97693896302325,
      14.447971644640445,
      67.08817663579667,
      29.879996023064606,
      17.56676273357948,
      41.7709970369533,
      56.18801081839494,
      37.188047003134145,
      54.07091009541434,
      40.390786081872584,
      36.72046922573816,
      49.63016566421043,
      3.71211759846548,
      79.30970575772588,
      75.77767408683715,
      75.90383125756843,
      48.37721219313943,
      75.8506920890497,
      51.69020365379966,
      62.53008850833652,
      16.711321651110588,
      39.45107241908423,
      28.74224805490926,
      44.97880879048948,
      48.96657258740794,
      52.129627893680144,
      52.11987626980297,
      37.64473013050116,
      39.08119231534801,
      61.680807701246984,
      42.919174134882425,
      34.739429488529105,
      48.798679795040364,
      68.99689999356603,
      41.20204500472518,
      59.70567718256949,
      52.00385922539679,
      52.234838278260575
    ],
    [
      66.66156728818258,
      23.723345641626786,
      83.13252454381669,
      24.8049347202272,
      22.655080463893487,
      0.0,
      18.27464627614106,
      51.41806974584081,
      62.17085424743017,
      28.47312556564892,
      9.964930542657521,
      73.32154227457919,
      29.693963585432616,
      24.326085039004546,
      72.50164381469307,
      44.33873259185632,
      53.73303270085386,
      15.940882800826925,
      75.89810975695838,
      40.50513011057048,
      48.11191693660936,
      30.608792461766917,
      66.75509870839636,
      16.909078556102475,
      28.188271072471768,
      58.642413483090564,
      34.896139262304935,
      77.25540412373857,
      81.51810577410045,
      68.45982163852585,
      68.36426648972876,
      31.71155730771132,
      59.36658781499268,
      21.011965569187286,
      40.516943928422414,
      29.59404606367542,
      27.854517609241533,
      46.44825741157661,
      27.5078477879344,
      27.723551752253137,
      55.93928770019176,
      86.78818921504212,
      18.653814325608092,
      36.645547761108354,
      28.56942214197348,
      54.87579582174253,
      22.68282516789972,
      22.407688578516414,
      18.771743121364906,
      43.97827035610863,
      63.705511844528274,
      25.875627844736837,
      34.050135400610145,
      24.812223886824917,
      74.73694802196027,
      53.67483322061099,
      63.420992467233745,
      45.10979688778641,
      105.02637672044172,
      22.22304742461344,
      64.79815049644856,
      50.460041535959625,
      18.945454685288095,
      14.65018060559957,
      73.36535757245856,
      14.748031706051341,
      35.26764048869804,
      63.33307392910611,
      53.86412318201522,
      25.199717145653985,
      72.0010293659553,
      17.807636409808516,
      15.613504106756126,
      55.40937863933084,
      25.989479044729563,
      92.38388366456628,
      63.57665385951789,
      79.91159543330662,
      37.713885191962476,
      75.03960706690084,
      61.476721871292845,
      76.28191425645804,
      29.366851044089934,
      61.871425834218506,
      39.54553131099492,
      42.91797191321569,
      70.05424768113079,
      66.159597473695,
      74.7664867158911,
      19.882979250396932,
      27.90403374795327,
      54.5016424414304,
      65.57290056876631,
      20.134648737247527,
      28.49273478136807,
      57.52256901126747,
      48.31887777871537,
      75.86120712598166,
      60.08148799231378,
      53.97733354841137
    ],
    [
      63.74654035305707,
      36.33309255007037,
      74.32018818334592,
      15.29584998803296,
      5.044574176149234,
      18.27464627614106,
      0.0,
      51.18410701517676,
      68.04272372388552,
      37.80461528946522,
      11.38438755376265,
      63.61573944229908,
      41.2187320038689,
      41.66637054665144,
      56.2745061265629,
      41.165910426219384,
      47.67104046115866,
      17.185173769133613,
      58.79935090971312,
      22.656694170612692,
      37.86345675172705,
      18.730285717882843,
      63.96211522737649,
      1.36726954513669,
      42.029975617615875,
      51.978939823575395,
      20.5468896722228,
      60.76104265876986,
      69.75168619140972,
      71.20081509708756,
      50.2636581503568,
      17.35960506127838,
      44.74229369053711,
      14.074347052292438,
      31.66811387035924,
      43.86395992039512,
      20.712504143557016,
      29.049399983696304,
      9.76721850324689,
      40.35074171649391,
      43.179590293269975,
      73.38792556946481,
      9.59873820545913,
      29.963310924686528,
      42.497553567606225,
      50.118780643904884,
      33.899537205100856,
      6.375035794474378,
      29.047934725072384,
      54.56815408040262,
      66.0700353703466,
      7.905959807592858,
      48.199201517329385,
      33.504481203902245,
      58.87599246297062,
      49.25036481177828,
      67.38859621318912,
      36.63467098251953,
      94.17616725303456,
      38.53705748229971,
      69.93736822057032,
      50.43733522230071,
      36.98469738795608,
      9.593909606567264,
      65.58228948135465,
      24.83994489297974,
      22.02301434273829,
      45.26885041430841,
      52.81001795645025,
      35.601653386879875,
      55.92476520231875,
      35.81594227159311,
      33.00904369158693,
      47.80043045695154,
      8.755787219447289,
      79.68121528168244,
      71.17845341757045,
      73.95083700659751,
      43.77189602619087,
      72.92208757205701,
      50.90752930676043,
      63.005824485586714,
      19.83169317013383,
      43.597651125357494,
      27.73699520864786,
      41.47721112150258,
      52.20747583883321,
      52.60358931715395,
      56.74811503750429,
      32.60042416897924,
      34.3236334925564,
      57.609373349448695,
      47.46297342307502,
      29.738359516980328,
      43.79342751724294,
      64.44677296293457,
      39.53922490238622,
      60.94684962201221,
      50.77444964204367,
      49.56238045147899
    ],
    [
      16.453083688585874,
      36.652319639379606,
      41.432928893162995,
      36.56688541586534,
      54.74799388945829,
      51.41806974584081,
      51.18410701517676,
      0.0,
      24.025272264463414,
      29.018350954923818,
      44.99902766661887,
      36.39059484941931,
      80.42785910287786,
      68.41244205637982,
      60.349467766509974,
      11.538326580921705,
      16.521549801138892,
      64.28397786042761,
      67.9240734440304,
      53.34837235776112,
      28.22015947534415,
      36.46426597321392,
      16.394964009356052,
      51.04058237429648,
      39.31745624350272,
      19.513710841975083,
      69.94535284978167,
      65.11775019430797,
      48.54500508577559,
      21.137982668066453,
      82.47608917329714,
      40.864943240162034,
      45.50703915507338,
      64.61074066975392,
      26.075999327484045,
      78.39626164779102,
      31.050223408501875,
      52.7953182386004,
      57.10205162560053,
      36.07410726478963,
      37.36195606390282,
      58.18232865613578,
      41.60532734455808,
      23.66231452361303,
      39.58895449226809,
      13.020786701577086,
      34.4314375813774,
      57.081501539092535,
      70.1788742277334,
      31.21821113485162,
      16.026104667715337,
      55.40718352873805,
      41.062048217706604,
      76.23029320722249,
      59.968534123092574,
      11.878457383979024,
      19.572471906410946,
      23.77649124863042,
      65.42290169554438,
      46.60343562917986,
      23.843614506659335,
      1.0472247036465665,
      61.574206129437435,
      42.90673205045823,
      31.25891511768905,
      37.664908148581084,
      72.0443405262841,
      67.87369469628443,
      3.129406334210672,
      76.45593258795704,
      59.22581438480372,
      53.540783969587984,
      62.11958160713083,
      21.268760701066736,
      57.58140522151472,
      60.162806552188165,
      30.453422534525675,
      32.70213716447414,
      19.23600599771507,
      23.798201244472335,
      32.27132974012397,
      50.029743839226306,
      71.01261720642101,
      72.87789960220036,
      33.292022964091494,
      9.779991484222663,
      69.9308300772928,
      44.79624037782357,
      88.78038134817837,
      37.87440143360702,
      25.423960762425384,
      10.95505086963515,
      80.13626303017305,
      33.6767685597686,
      44.03522913680682,
      24.352738219120123,
      24.11960467056226,
      56.315016836355014,
      27.784254434858784,
      11.894829185937958
    ],
    [
      31.435740175291816,
      40.341014679314725,
      59.35320653725871,
      55.506176785950004,
      72.44131174069764,
      62.17085424743017,
      68.04272372388552,
      24.025272264463414,
      0.0,
      33.89241821755916,
      59.06388434796161,
      57.3936815912712,
      87.64333516883376,
      71.80814473453572,
      84.2936815048461,
      34.63883792993027,
      40.25007687849404,
      77.3999826814773,
      91.92907664064532,
      75.20362592935399,
      52.12814729251933,
      57.17745100201583,
      31.045514452041736,
      67.50995013564712,
      39.32204351258416,
      42.34653236031311,
      88.26035959537077,
      89.00245412501167,
      69.71119283501761,
      12.802890317820978,
      105.46909194509084,
      61.799883705904364,
      69.5319687835516,
      79.8151488171127,
      49.031938824103854,
      83.62857435390673,
      50.51390460076738,
      75.61203240253563,
      75.75942992828372,
      37.43272273739048,
      61.38283230504674,
      79.94806403531655,
      58.74502297357648,
      45.50945011899856,
      39.29977793826613,
      36.33192361862817,
      40.06408115786667,
      74.37478332479479,
      79.66642357036625,
      22.893961989781165,
      12.80264987466006,
      73.87150113006143,
      37.30204882616253,
      85.69160684481274,
      83.78132786009313,
      35.43902414416262,
      7.062652442565423,
      47.46610160429233,
      82.22537889904328,
      48.38701601731281,
      3.5975789714610222,
      23.893510375112903,
      65.61422008954075,
      58.648395139562865,
      50.5240315179418,
      47.46847302157678,
      89.98511694365682,
      91.474657558202,
      25.485009251454148,
      84.9608197088454,
      83.15819685752398,
      57.022354563887966,
      67.98390962095972,
      44.936574155491044,
      75.7771927115777,
      80.7219487038472,
      7.115841144494127,
      47.34793684455868,
      24.721926177458588,
      31.79317591696454,
      55.709978826308316,
      72.79573741997324,
      87.3164141858004,
      95.98511200085849,
      56.034576465193936,
      31.4154428374723,
      93.8477639399298,
      68.49522653608797,
      111.91584355862702,
      43.45982433409311,
      34.668273235766655,
      13.133433818475645,
      103.01629502515905,
      42.03708143917704,
      42.951325989195276,
      5.681576884942453,
      48.080310469881546,
      79.80079747088257,
      51.10224712680896,
      35.38105398056741
    ],
    [
      45.469934994058896,
      7.688506266649467,
      68.57607892936892,
      29.930548305444944,
      42.73535206714206,
      28.47312556564892,
      37.80461528946522,
      29.018350954923818,
      33.89241821755916,
      0.0,
      27.165648381035446,
      61.20268797362959,
      54.24903606498915,
      40.06898708829678,
      74.12051956278499,
      27.95484712843022,
      39.05004016502153,
      44.09638137983079,
      80.02885404529633,
      52.13724758974574,
      41.68932195005462,
      34.433070761006626,
      45.40262336389609,
      36.925259448336625,
      11.006507582606444,
      43.857685905761066,
      58.2868695495432,
      79.23385912898657,
      72.17724987706981,
      41.56155791260133,
      83.56594959602015,
      38.55427489224286,
      58.673390841797186,
      47.508633054804505,
      34.54304825372181,
      50.9863670774719,
      27.243284134778012,
      55.283807401113044,
      46.95597351203932,
      7.557247985328558,
      52.06528580085396,
      80.22501245056259,
      29.955412935175193,
      29.19997454679258,
      11.394719659873855,
      37.986239754797474,
      6.265970847546049,
      44.089949812139196,
      45.79138361088186,
      16.763768943799025,
      37.300241836965334,
      44.97405132615895,
      15.054094460882114,
      51.83523795344675,
      75.10467775197769,
      36.55548052766008,
      35.933399906033905,
      36.73743942051441,
      92.37187855718267,
      17.59077804483896,
      36.718981133693134,
      27.972351048737448,
      33.37314705395456,
      28.293308079049083,
      58.16219777468723,
      14.08708055367918,
      59.53685542211673,
      73.18495122257131,
      32.07120594592733,
      51.2295057847698,
      73.24025361013226,
      24.977527437971794,
      34.85138875684764,
      42.7576562923555,
      46.39768146965941,
      83.96411795622602,
      35.119336739535036,
      61.433847920306455,
      10.634900192754836,
      52.18287484888432,
      52.54258407555274,
      70.43219592157529,
      55.520025791231454,
      75.03189351081456,
      38.75222226107487,
      24.436303263959672,
      77.95980868899301,
      62.13242424655137,
      90.26440254050176,
      9.814637434200153,
      6.009204275613929,
      28.100632947931356,
      80.83325623541484,
      8.54798027172284,
      15.693888372456657,
      29.077589770305025,
      39.39556056651936,
      73.69626847827092,
      49.24496710489111,
      36.778421234632184
    ],
    [
      59.30480506759807,
      25.03450524770123,
      73.98550401116313,
      14.888914297541877,
      16.41796430569795,
      9.964930542657521,
      11.38438755376265,
      44.99902766661887,
      59.06388434796161,
      27.165648381035446,
      0.0,
      63.92640077827033,
      38.64356079250126,
      34.1995539868867,
      62.70052438217976,
      36.571113392686875,
      45.13879069247903,
      19.287027901707443,
      66.345853665164,
      31.688929604622174,
      38.456909116427774,
      20.646889068562935,
      59.44690082540862,
      10.245647325238629,
      30.665235844542373,
      49.92313893102578,
      31.334831847384997,
      67.50448305722885,
      71.77260072460312,
      63.67921030962664,
      61.10434349105563,
      21.858471358264403,
      49.411647919210864,
      20.755009777039742,
      31.024350400857394,
      39.29877542566503,
      18.378109134923488,
      37.208149383204685,
      21.128442626340238,
      29.08670562041973,
      46.02135050511264,
      76.8668782683872,
      8.726585831923082,
      27.56789305592558,
      31.12965123644907,
      46.71707811391626,
      22.757601988442307,
      17.277110787392605,
      26.9130820394751,
      43.83802709839851,
      58.688833022861076,
      19.221854258853746,
      36.833467718202094,
      32.58223178985892,
      64.86828790593012,
      45.61459886967389,
      59.24496854536323,
      35.76318759654011,
      95.48376611566115,
      27.355198478896337,
      61.28805989497239,
      44.1211094385374,
      28.48905016787873,
      4.7044679135637715,
      64.44059233006207,
      13.620574522046821,
      32.43690804192321,
      54.56670042876305,
      47.121050624603996,
      33.65066805210891,
      62.17209485645711,
      25.62068111176715,
      25.529430648975282,
      46.394896043781934,
      20.11938765108049,
      82.53366662273649,
      61.53983112572648,
      71.56650072141674,
      34.38035878954576,
      68.07008763596146,
      51.85663578704775,
      66.35963703150372,
      28.478351218095476,
      53.897227526917334,
      29.634445185025005,
      35.8080220083145,
      60.99170472295943,
      56.210531981764404,
      67.67393927468981,
      21.256722971332813,
      24.521175250848824,
      49.76502990329988,
      58.29955942607423,
      18.7989812635391,
      32.43030355241275,
      55.011099830321584,
      38.946189342678586,
      65.90653750758365,
      50.69969029262663,
      45.92452787639781
    ],
    [
      26.70251136225276,
      67.91306227579327,
      11.122943801791104,
      49.57643945792978,
      64.52070749465801,
      73.32154227457919,
      63.61573944229908,
      36.39059484941931,
      57.3936815912712,
      61.20268797362959,
      63.92640077827033,
      0.0,
      102.55913715259949,
      95.58437958713043,
      35.03165689981643,
      33.24784484959857,
      22.16218668744519,
      80.53642145632936,
      43.15799356473894,
      51.30191077496624,
      25.812116424017034,
      44.94167899328751,
      27.155179156974768,
      64.27085050901842,
      72.20791751904274,
      17.527351873508042,
      75.13353890476748,
      38.191062973191876,
      12.33460086101757,
      48.10136326855,
      69.27984574326486,
      46.644208718909375,
      27.28249458122911,
      77.28576226033776,
      32.9051554734335,
      102.88727464193174,
      45.55618939158972,
      46.29427080597097,
      64.0542617946525,
      68.75986197066648,
      22.69266438279588,
      22.61835611360727,
      56.386815191270465,
      36.76277446702752,
      72.58787594826768,
      23.93132377261354,
      64.8737960136029,
      67.16558760684798,
      90.67188866714864,
      67.37581777457754,
      45.18815654037641,
      63.243972970610834,
      75.38883948114274,
      96.0369003506074,
      32.76726731483491,
      25.32320918722684,
      50.88715624679896,
      28.2121997849792,
      31.881436942572048,
      77.49275326200468,
      55.69673539562788,
      37.14706977950288,
      88.89219824512182,
      59.780514447827635,
      8.31354764223869,
      63.82393648159505,
      77.78179950919153,
      52.34117589414716,
      33.66611560269869,
      97.44532430544383,
      33.85912209134434,
      82.29807743367552,
      87.68179770556131,
      18.69287443607159,
      65.53099936131052,
      23.776636234901574,
      64.47159686279349,
      18.53490001530336,
      53.744335446866614,
      31.785560654835248,
      12.858883989780514,
      17.42134215671401,
      80.49437683271765,
      60.26730821011507,
      35.8998592582141,
      36.89584998620811,
      50.24001281972573,
      19.706243283426197,
      74.05398277068772,
      67.60443119834315,
      55.81895124197029,
      45.994435360043965,
      67.87154256971135,
      62.23025544915017,
      76.88631700429268,
      59.495237437493714,
      25.005930625927284,
      26.72795764347757,
      13.240546416030359,
      25.177810784818043
    ],
    [
      96.07930170703109,
      47.31941599890797,
      112.60970343452347,
      53.15073582495629,
      42.91553023271725,
      29.693963585432616,
      41.2187320038689,
      80.42785910287786,
      87.64333516883376,
      54.24903606498915,
      38.64356079250126,
      102.55913715259949,
      0.0,
      18.839946081863964,
      97.21437033546052,
      73.9775556475885,
      83.40962538857345,
      24.79480423603521,
      99.00801677304382,
      62.64896928808472,
      76.97405103841633,
      58.39790891998093,
      96.14908800145984,
      40.14141058112572,
      48.904302020177944,
      88.29877918208064,
      45.33167487986039,
      101.51277906977414,
      110.05089092719615,
      95.77455809406854,
      83.19650613982242,
      58.20781714695795,
      85.92731059469466,
      31.690600164185195,
      69.6540537747062,
      7.680065192692944,
      57.02149936819703,
      69.47637890384387,
      46.38163585180695,
      50.302440014509436,
      83.79694670044292,
      114.39117601994161,
      46.41164415341944,
      66.13162976056843,
      49.04569688398016,
      84.55927536922252,
      47.986175965748636,
      40.93467036850236,
      12.19208128556535,
      66.33731264576554,
      91.36204228572217,
      45.76825287269538,
      52.82164897073629,
      8.779287458429982,
      99.95148792232692,
      83.3473048421394,
      90.17588839922567,
      74.40653656375626,
      134.02077425551528,
      39.928260629000846,
      90.70320036236869,
      79.43216872513226,
      22.96558996595754,
      42.822223693011175,
      102.96486696890024,
      42.78085410869389,
      43.835456014941954,
      83.57416316291234,
      83.04023150402615,
      5.754532567851644,
      96.93480134886899,
      31.141035418536717,
      19.699418507668188,
      84.95461759122666,
      44.39267000928228,
      120.45706574280115,
      87.47655801299321,
      109.6017138605589,
      64.65639876499732,
      104.20416942031406,
      90.37339231641889,
      103.93842854887879,
      35.90511380106434,
      79.49228865867633,
      67.6463565094873,
      72.36777927127186,
      91.11101137988865,
      93.58276674438335,
      88.60112319856941,
      44.44240471557693,
      55.620898771764466,
      82.095882005037,
      80.66644554195226,
      47.242759032558574,
      46.38619786145781,
      82.39120130151508,
      77.58923933788975,
      102.16547461231777,
      89.33914494602412,
      83.64837574271117
    ],
    [
      84.72110248690497,
      32.486350253686645,
      104.70232693884336,
      48.78462815562869,
      45.2368447468094,
      24.326085039004546,
      41.66637054665144,
      68.41244205637982,
      71.80814473453572,
      40.06898708829678,
      34.1995539868867,
      95.58437958713043,
      18.839946081863964,
      0.0,
      96.82717715506128,
      64.15062619624156,
      74.64403929404179,
      30.41648351344471,
      100.11572367142918,
      64.30617300213093,
      71.25213265567119,
      54.712592569473806,
      84.71324590886852,
      40.32576882396304,
      32.48610888161737,
      79.66771515405506,
      53.4368373056276,
      101.57144519007372,
      104.64957029619605,
      81.17465656008567,
      90.07913850681683,
      56.02841411209701,
      83.56833666884155,
      38.163403481301025,
      63.44332914428416,
      12.494865008266338,
      51.070443293339935,
      70.51469344075475,
      49.778508921212,
